0.044657
0.076384
0.046917
0.058104
0.068955
0.237635
0.269536
0.079781
0.224855
0.093320
0.061484
0.081653
0.073356
0.052147
0.069259
0.056602
0.094093
0.076635
0.087408
0.065022
0.419908
0.063906
0.061438
0.082781
0.159992
0.243741
0.308616
0.254884
0.339958
0.108658
0.062170
0.088511
0.562115
0.441223
0.182030
0.228520
0.289173
0.086129
0.171518
0.227072
0.585765
0.367028
0.316288
0.324411
0.056615
3.058497
0.168847
0.127786
0.282846
0.363798
0.504033
3.058153
0.367775
0.177457
0.522427
0.295005
0.295198
0.408792
0.396817
0.570854
0.513936
0.536596
0.207089
0.569368
0.101284
3.143982
0.306590
0.485014
0.080801
3.104271
3.086836
0.225703
0.490879
3.053553
3.102891
0.558040
0.567504
0.580692
3.046461
0.557394
0.424287
3.083247
3.103201
0.494968
0.291858
0.254977
0.317242
3.086821
0.414000
0.296217
3.048525
0.338794
0.226453
0.355024
0.561262
0.103167
9.043159
0.223402
3.042126
0.203165
