0.417421
0.497500
0.558161
0.419224
3.048508
0.594352
0.348938
3.109573
0.534964
3.053026
3.046231
3.047416
0.241470
3.075874
3.093458
3.057901
0.503709
3.055323
0.186865
0.413279
0.212024
3.127660
0.497657
0.517311
0.416246
0.560652
0.164711
0.342247
0.134955
0.417053
0.369755
0.107007
0.462275
3.119553
3.068231
3.134496
0.098713
0.207320
0.340848
0.531870
0.212948
0.234761
3.073760
0.561458
0.286555
0.554047
0.479030
3.108319
0.313623
3.118785
0.531788
0.479370
0.287921
0.355712
0.459376
0.443615
3.129945
0.209759
0.256941
0.498527
3.080151
0.172310
0.518272
0.369140
0.478402
0.224331
3.114459
3.123685
3.164664
3.081151
3.068564
0.189385
0.310391
0.145905
0.320640
3.064975
0.258367
0.216762
3.054457
3.158540
0.497114
3.095434
0.479741
0.520859
0.459398
0.283614
0.381799
0.153172
0.502548
0.564152
3.219547
0.546909
3.049467
3.165449
0.347224
0.453937
0.212794
0.144925
3.098315
0.131157
